00000000001100000000000110010011
00000000001100000010000000100011
00000000000100000000001000010011
01000000010000011000000110110011
00000000001100000010000000100011
11111110000000011001110011100011
00000000000000000000001010010011
00000000000010010011001010110111
00000000010100000010000000100011
00000000000000000000001010010111
00000000010100000010000000100011
00000000101000000000001100010011
00000000011000000010001000100011
00000000010000000010001010000011
00000000010100000010000000100011
00000001010000000000100001101111
00000000000000000000101001100011
00000000000000000000000000010011
00000000000000000000000000010011
00000000000000000000000000010011
00000000000010000000000001100111
00000000000000000000000000010011
